id,date,year,month,day,hour,likes,shares,fame,cyberaggression,cyberbullying
649719574,2012-02-11,2012.0,2.0,11,23,196,189,15.57,5,5
649719575,2012-02-13,2012.0,2.0,13,12,570,1341,318.06,5,3
649719576,2012-02-28,2012.0,2.0,28,0,44,945,47.35,5,5
649719577,2012-03-11,2012.0,3.0,11,16,1381,711,7004.13,4,3
649719578,2012-04-04,2012.0,4.0,4,5,1936,443,1248.1,5,5
649719579,2012-04-06,2012.0,4.0,6,9,703,565,2538.63,5,5
649719580,2012-04-08,2012.0,4.0,8,18,618,565,2538.63,4,1
649719581,2012-04-15,2012.0,4.0,15,20,49,2276,25.87,5,3
649719582,2012-04-16,2012.0,4.0,16,0,556,929,1190.65,3,1
649719583,2012-04-18,2012.0,4.0,18,1,77,1013,102.6,4,4
649719584,2012-04-18,2012.0,4.0,18,19,605,1101,568.44,0,0
649719585,2012-04-21,2012.0,4.0,21,23,1944,565,2538.63,4,2
649719586,2012-04-28,2012.0,4.0,28,4,1464,565,2538.63,5,2
649719587,2012-04-28,2012.0,4.0,28,6,488,1809,224.22,1,1
649719588,2012-04-28,2012.0,4.0,28,20,613,1870,4216.35,3,2
649719589,2012-04-30,2012.0,4.0,30,21,1254,565,2538.63,3,2
649719590,2012-05-01,2012.0,5.0,1,0,1333,565,2538.63,5,4
649719591,2012-05-05,2012.0,5.0,5,8,6137,578,3400.02,5,5
649719592,2012-05-07,2012.0,5.0,7,17,109,1459,3796.59,4,3
649719593,2012-05-10,2012.0,5.0,10,12,7992,1421,2084.66,4,4
649719594,2012-05-12,2012.0,5.0,12,15,944,1809,224.22,1,0
649719595,2012-05-14,2012.0,5.0,14,17,56,929,1190.65,5,2
649719596,2012-05-15,2012.0,5.0,15,0,165,2276,25.87,5,5
649719597,2012-05-16,2012.0,5.0,16,14,1870,1249,717.03,0,0
649719598,2012-05-18,2012.0,5.0,18,2,42,2276,25.87,5,5
649719599,2012-05-25,2012.0,5.0,25,18,869,1539,419.71,0,0
649719600,2012-05-28,2012.0,5.0,28,1,297,1809,224.22,1,0
649719601,2012-05-30,2012.0,5.0,30,0,1466,565,2538.63,5,5
649719602,2012-06-03,2012.0,6.0,3,14,550,1341,318.06,5,4
649719603,2012-06-06,2012.0,6.0,6,5,528,954,746.58,3,2
649719604,2012-06-08,2012.0,6.0,8,13,3405,591,6056.67,5,3
649719605,2012-06-12,2012.0,6.0,12,13,105,1159,60.47,2,2
649719606,2012-06-13,2012.0,6.0,13,7,291,1259,37.13,0,0
649719607,2012-06-14,2012.0,6.0,14,3,327,2276,25.87,1,0
649719608,2012-06-19,2012.0,6.0,19,3,882,1809,224.22,0,0
649719609,2012-06-21,2012.0,6.0,21,3,460,1365,532.74,3,2
649719610,2012-06-21,2012.0,6.0,21,17,1097,959,6839.06,4,4
649719611,2012-06-24,2012.0,6.0,24,15,4291,591,6056.67,5,4
649719612,2012-06-24,2012.0,6.0,24,18,1220,954,746.58,0,0
649719614,2012-06-29,2012.0,6.0,29,20,17521,466,2768.99,5,5
649719615,2012-07-02,2012.0,7.0,2,18,916,1539,419.71,2,1
649719616,2012-07-09,2012.0,7.0,9,14,846,1341,318.06,1,0
649719617,2012-06-29,2012.0,6.0,29,20,1,3279,1.97,5,5
649719618,2012-07-15,2012.0,7.0,15,18,643,1260,42.33,5,5
649719619,2012-07-18,2012.0,7.0,18,19,1091,1341,318.06,5,4
649719620,2012-07-19,2012.0,7.0,19,21,3667,323,2057.08,5,5
649719621,2012-07-19,2012.0,7.0,19,23,11632,788,2055.59,3,1
649719622,2012-07-20,2012.0,7.0,20,17,1436,1341,318.06,5,4
649719623,2012-07-21,2012.0,7.0,21,18,672,1341,318.06,5,4
649719624,2012-07-23,2012.0,7.0,23,17,447,2579,54.33,5,5
649719625,2012-07-24,2012.0,7.0,24,18,9133,788,2055.59,3,2
649719626,2012-07-27,2012.0,7.0,27,1,234,221,29.22,1,1
649719627,2012-07-27,2012.0,7.0,27,21,1609,1872,1647.6,5,4
649719628,2012-07-30,2012.0,7.0,30,17,1204,1147,2210.2,4,4
649719629,2012-07-30,2012.0,7.0,30,20,6142,672,8343.74,0,0
649719630,2012-08-01,2012.0,8.0,1,15,1412,1264,1038.48,2,0
649719631,2012-08-01,2012.0,8.0,1,18,1532,1306,595.52,0,0
649719632,2012-08-04,2012.0,8.0,4,14,429,1558,235.04,2,1
649719633,2012-08-05,2012.0,8.0,5,3,497,945,47.35,1,0
649719634,2012-08-05,2012.0,8.0,5,20,36938,1288,923020.0,5,4
649719635,2012-08-12,2012.0,8.0,12,22,1019,929,1190.65,2,0
649719636,2012-08-14,2012.0,8.0,14,16,560,1558,235.04,5,5
649719637,2012-08-19,2012.0,8.0,19,17,140,1013,102.6,5,4
649719638,2012-08-21,2012.0,8.0,21,1,294,1558,235.04,5,4
649719639,2012-08-23,2012.0,8.0,23,19,521,2137,656.97,4,3
649719640,2011-10-10,2011.0,10.0,10,23,1652,1556,5358.7,2,0
649719641,2012-08-25,2012.0,8.0,25,7,141,519,4.6,0,0
649719642,2012-08-26,2012.0,8.0,26,1,559,9,2.53,5,5
649719643,2012-08-26,2012.0,8.0,26,2,680,1260,42.33,5,5
649719644,2012-08-31,2012.0,8.0,31,4,8,81,5.59,5,3
649719645,2012-08-31,2012.0,8.0,31,22,776,9,2.53,3,3
649719646,2012-09-03,2012.0,9.0,3,8,3585,565,2538.63,5,5
649719647,2012-09-06,2012.0,9.0,6,7,348,1809,224.22,0,0
649719648,2012-09-08,2012.0,9.0,8,23,465,1341,318.06,5,3
649719649,2012-09-12,2012.0,9.0,12,22,5287,565,2538.63,5,5
649719650,2012-09-17,2012.0,9.0,17,2,100,1180,105.21,5,4
649719651,2012-09-25,2012.0,9.0,25,2,982,1341,318.06,1,1
649719652,2012-09-28,2012.0,9.0,28,21,4253,440,1247.7,4,2
649719653,2012-10-01,2012.0,10.0,1,23,1336,1809,224.22,0,0
649719654,2012-10-02,2012.0,10.0,2,18,2134,1870,4216.35,5,5
649719655,2012-10-02,2012.0,10.0,2,21,62,1180,105.21,5,1
649719656,2012-10-03,2012.0,10.0,3,7,2048,1341,318.06,0,0
649719657,2012-10-06,2012.0,10.0,6,23,769,1147,477.79,1,0
649719658,2012-10-07,2012.0,10.0,7,4,763,1341,318.06,0,0
649719659,2012-10-12,2012.0,10.0,12,2,1252,1101,568.44,0,0
649719660,2012-10-12,2012.0,10.0,12,4,375,515,26.32,1,0
649719661,2012-09-28,2012.0,9.0,28,21,984,1341,318.06,5,4
649719662,2012-10-13,2012.0,10.0,13,21,577,2276,25.87,4,2
649719663,2012-10-15,2012.0,10.0,15,16,4124,1658,362.14,0,0
649719664,2012-09-28,2012.0,9.0,28,21,37,874,105.53,0,0
649719665,2012-10-16,2012.0,10.0,16,23,3163,1341,318.06,5,4
649719666,2012-10-20,2012.0,10.0,20,18,720,2544,48.48,5,5
649719667,2012-10-21,2012.0,10.0,21,1,655,9,2.53,5,5
649719668,2012-10-23,2012.0,10.0,23,9,1221,686,201.96,3,1
649719669,2012-10-28,2012.0,10.0,28,4,619,1949,410.2,3,1
649719670,2012-10-30,2012.0,10.0,30,23,191,607,65.87,5,5
649719671,2012-10-31,2012.0,10.0,31,13,1042,1341,318.06,4,3
649719672,2012-10-31,2012.0,10.0,31,21,89,515,26.32,3,1
649719673,2012-11-01,2012.0,11.0,1,1,1184,1290,852.56,0,0
649719674,2012-11-01,2012.0,11.0,1,3,11616,672,8343.74,0,0
649719675,2012-11-01,2012.0,11.0,1,20,14423,1421,2084.67,5,5
649719676,2012-11-02,2012.0,11.0,2,20,17971,1421,2084.67,4,4
649719677,2012-11-04,2012.0,11.0,4,4,1098,945,47.35,0,0
649719678,2012-11-05,2012.0,11.0,5,19,3121,1658,362.14,3,1
649719679,2012-11-07,2012.0,11.0,7,3,64419,1288,923021.4,5,5
649719680,2012-11-07,2012.0,11.0,7,4,464,2276,25.87,2,2
649719681,2012-11-07,2012.0,11.0,7,5,1835,9,2.53,5,5
649719682,2012-11-08,2012.0,11.0,8,2,1019,1809,224.22,1,1
649719683,2012-11-08,2012.0,11.0,8,4,164,515,26.32,2,0
649719684,2012-11-10,2012.0,11.0,10,22,28184,712,1500.36,0,0
649719685,2012-11-12,2012.0,11.0,12,23,14774,1421,2084.67,5,5
649719686,2012-11-13,2012.0,11.0,13,20,40,2515,104.54,4,2
649719687,2012-11-14,2012.0,11.0,14,20,84,408,3.74,1,0
649719688,2012-11-15,2012.0,11.0,15,2,35,416,5.11,3,1
649719689,2012-11-18,2012.0,11.0,18,21,151,1827,10.67,5,4
649719690,2012-11-23,2012.0,11.0,23,0,469,792,108.14,1,1
649719691,2012-11-24,2012.0,11.0,24,15,1131,1341,318.06,5,4
649719692,2012-11-25,2012.0,11.0,25,8,2109,1809,224.22,4,4
649719693,2012-11-25,2012.0,11.0,25,22,622,1949,410.2,5,5
649719694,2012-11-27,2012.0,11.0,27,14,557,2276,25.87,5,4
649719695,2012-12-01,2012.0,12.0,1,1,630,1173,4370.19,4,3
649719696,2012-12-01,2012.0,12.0,1,2,253,1582,115.01,5,4
649719697,2012-12-02,2012.0,12.0,2,15,447,457,36.67,1,1
649719698,2012-12-05,2012.0,12.0,5,21,68,2803,6.6,4,1
649719699,2012-12-06,2012.0,12.0,6,1,563,1949,410.2,3,2
649719700,2012-12-07,2012.0,12.0,7,2,297,1452,128.96,4,3
649719701,2012-12-09,2012.0,12.0,9,17,199,1452,128.96,2,1
649719702,2012-12-11,2012.0,12.0,11,5,345,515,26.32,1,1
649719703,2012-12-11,2012.0,12.0,11,22,676,1173,4370.19,5,3
649719704,2012-12-13,2012.0,12.0,13,1,526,314,19.11,1,0
649719705,2012-12-14,2012.0,12.0,14,5,681,800,39.45,1,1
649719706,2012-12-14,2012.0,12.0,14,21,225,741,26.13,1,0
649719707,2012-12-14,2012.0,12.0,14,21,600,1091,0.49,2,2
649719708,2012-12-15,2012.0,12.0,15,5,1215,1147,2210.2,5,5
649719709,2012-12-17,2012.0,12.0,17,19,16333,1921,4170.44,5,2
649719710,2012-12-19,2012.0,12.0,19,12,55,3197,4.53,1,1
649719711,2012-12-21,2012.0,12.0,21,23,31334,901,1918.11,1,1
649719712,2012-12-24,2012.0,12.0,24,19,1153,1959,1374.68,4,3
649719713,2012-12-25,2012.0,12.0,25,16,159,2250,925.27,5,5
649719714,2012-12-28,2012.0,12.0,28,1,242,57,6.75,2,1
649719715,2012-12-29,2012.0,12.0,29,1,31,1095,4.65,4,3
649719716,2012-12-30,2012.0,12.0,30,19,1528,1606,83947.67,5,3
649719717,2012-12-31,2012.0,12.0,31,4,53,886,5.71,2,0
649719718,2013-01-01,2013.0,1.0,1,3,298,663,16.64,1,0
649719719,2013-01-01,2013.0,1.0,1,5,3182,1658,362.14,5,5
649719720,2013-01-02,2013.0,1.0,2,22,211,17,10.17,5,5
649719721,2013-01-04,2013.0,1.0,4,19,496,1048,377.09,5,5
649719722,2013-01-06,2013.0,1.0,6,17,1087,501,279.99,1,1
649719723,2013-01-08,2013.0,1.0,8,4,467,501,279.99,5,5
649719724,2013-01-08,2013.0,1.0,8,16,50,621,1.41,5,5
649719725,2013-01-09,2013.0,1.0,9,4,16161,1421,2084.67,5,5
649719726,2013-01-11,2013.0,1.0,11,19,673,1138,117.58,5,5
649719727,2013-01-11,2013.0,1.0,11,22,1445,686,201.96,4,3
649719728,2013-01-17,2013.0,1.0,17,10,233,1180,105.21,5,5
649719729,2013-01-19,2013.0,1.0,19,9,35593,1288,923021.6,5,4
649719730,2013-01-20,2013.0,1.0,20,6,320,841,2856.47,1,1
649719731,2013-01-21,2013.0,1.0,21,7,3418,1341,318.06,5,4
649719732,2013-01-21,2013.0,1.0,21,17,598,1341,318.06,5,4
649719733,2013-01-23,2013.0,1.0,23,13,250,2278,24.25,4,3
649719734,2013-01-27,2013.0,1.0,27,3,304,576,223.52,5,5
649719735,2013-01-28,2013.0,1.0,28,23,503,1949,410.2,4,4
649719736,2013-01-30,2013.0,1.0,30,4,607,1949,410.2,1,0
649719737,2013-01-30,2013.0,1.0,30,18,12411,1766,11008.39,4,4
649719738,2013-01-30,2013.0,1.0,30,21,259,2316,35.47,5,1
649719739,2013-01-21,2013.0,1.0,21,17,175,576,223.52,5,5
649719740,2013-02-03,2013.0,2.0,3,1,1804,1341,318.06,1,0
649719741,2013-02-03,2013.0,2.0,3,6,230,1827,10.67,3,1
649719742,2013-02-03,2013.0,2.0,3,21,22324,672,8343.74,4,4
649719743,2013-02-04,2013.0,2.0,4,18,17183,1766,11008.39,5,5
649719744,2013-02-05,2013.0,2.0,5,20,736,1949,410.2,2,1
649719745,2013-02-06,2013.0,2.0,6,19,13665,1250,17232.32,0,0
649719746,2013-02-08,2013.0,2.0,8,6,61,1719,3.32,2,2
649719747,2013-02-09,2013.0,2.0,9,2,20086,42,14361.0,4,3
649719748,2013-02-10,2013.0,2.0,10,9,29392,1556,5358.7,5,4
649719749,2013-02-08,2013.0,2.0,8,6,489,2308,11.38,2,2
649719750,2013-02-13,2013.0,2.0,13,16,180,1452,128.96,1,0
649719751,2013-02-15,2013.0,2.0,15,18,1601,1539,419.71,1,0
649719752,2013-02-15,2013.0,2.0,15,23,450,1949,410.2,5,3
649719753,2013-02-16,2013.0,2.0,16,19,341,1433,39.84,1,1
649719754,2013-02-16,2013.0,2.0,16,20,839,341,146.19,4,5
649719755,2013-02-21,2013.0,2.0,21,15,1548,1386,7012.05,5,5
649719756,2013-02-22,2013.0,2.0,22,6,1739,712,488.42,4,3
649719757,2013-02-22,2013.0,2.0,22,23,928,2276,25.87,5,2
649719758,2013-02-22,2013.0,2.0,22,23,378,515,26.32,1,1
649719759,2013-02-23,2013.0,2.0,23,0,1913,704,2134.59,5,4
649719760,2013-02-24,2013.0,2.0,24,23,3409,1101,568.44,3,2
649719761,2013-02-25,2013.0,2.0,25,0,180,609,138.78,4,4
649719762,2013-02-26,2013.0,2.0,26,5,34,177,2.94,5,4
649719763,2013-02-27,2013.0,2.0,27,9,14312,1149,6576.18,2,1
649719764,2013-03-03,2013.0,3.0,3,6,898,843,21740.73,4,2
649719765,2013-03-03,2013.0,3.0,3,13,20058,167,2993.21,1,0
649719766,2013-03-03,2013.0,3.0,3,17,3069,9,2.53,5,5
649719767,2013-03-05,2013.0,3.0,5,3,63,401,3.69,5,4
649719768,2013-03-05,2013.0,3.0,5,22,4312,1247,3133.68,5,5
649719769,2013-03-07,2013.0,3.0,7,16,907,1411,261.52,1,0
649719770,2013-03-09,2013.0,3.0,9,6,1165,800,39.45,1,0
649719771,2013-03-09,2013.0,3.0,9,19,2425,1539,419.71,5,5
649719772,2013-03-10,2013.0,3.0,10,3,2384,571,2524.19,5,5
649719773,2013-03-14,2013.0,3.0,14,14,1866,1487,956.93,5,5
649719774,2013-03-14,2013.0,3.0,14,18,378,664,361.71,5,4
649719775,2013-03-15,2013.0,3.0,15,6,2088,1539,419.71,0,0
649719776,2013-03-15,2013.0,3.0,15,19,13784,1288,923021.8,5,5
649719777,2013-03-17,2013.0,3.0,17,22,63,51,31.11,0,0
649719778,2013-03-20,2013.0,3.0,20,7,771,548,24.01,3,2
649719779,2013-03-20,2013.0,3.0,20,16,20272,1250,17232.33,1,1
649719780,2013-03-21,2013.0,3.0,21,23,339,1452,128.96,5,3
649719781,2013-03-22,2013.0,3.0,22,2,17483,755,3416.41,5,5
649719782,2013-03-24,2013.0,3.0,24,2,191,271,1.29,5,5
649719783,2013-03-25,2013.0,3.0,25,0,12544,419,1117.87,3,1
649719784,2013-03-25,2013.0,3.0,25,6,2896,501,279.99,5,4
649719785,2013-03-26,2013.0,3.0,26,20,525,445,62.2,4,4
649719786,2013-03-26,2013.0,3.0,26,23,87699,26,113533.0,4,3
649719787,2013-03-27,2013.0,3.0,27,1,2573,501,279.99,5,5
649719788,2013-03-28,2013.0,3.0,28,2,153,519,4.6,2,1
649719789,2013-03-28,2013.0,3.0,28,3,2194,1468,208.2,1,0
649719790,2013-03-30,2013.0,3.0,30,5,1138,223,30.32,4,1
649719791,2013-03-30,2013.0,3.0,30,19,566,1147,1055.23,5,4
649719792,2013-03-30,2013.0,3.0,30,19,2358,1468,208.2,2,1
649719793,2013-03-31,2013.0,3.0,31,16,218,470,11.37,4,3
649719794,2013-04-02,2013.0,4.0,2,2,165,159,0.73,5,4
649719795,2013-04-02,2013.0,4.0,2,23,2272,1468,208.2,5,5
649719796,2013-04-06,2013.0,4.0,6,2,21126,755,3416.41,5,5
649719797,2013-04-07,2013.0,4.0,7,16,4877,1,4.0,5,4
649719798,2013-04-08,2013.0,4.0,8,23,178,470,11.37,5,4
649719799,2013-04-09,2013.0,4.0,9,16,846,1306,595.52,0,0
649719800,2013-04-06,2013.0,4.0,6,2,32326,1039,6121.95,1,1
649719801,2013-04-13,2013.0,4.0,13,5,2678,9,2.53,5,5
649719802,2013-04-15,2013.0,4.0,15,12,117,507,3.68,5,4
649719803,2013-04-15,2013.0,4.0,15,20,239,2803,6.6,1,0
649719804,2013-04-15,2013.0,4.0,15,22,217,1190,20.82,5,4
649719805,2013-04-16,2013.0,4.0,16,1,24224,755,3416.41,4,4
649719806,2013-04-16,2013.0,4.0,16,1,32,109,5.01,1,0
649719807,2013-04-16,2013.0,4.0,16,2,675,56,139.71,1,0
649719808,2013-04-19,2013.0,4.0,19,18,677,841,2856.46,4,2
649719809,2013-04-20,2013.0,4.0,20,3,3307,427,52109.0,0,0
649719810,2013-04-26,2013.0,4.0,26,1,90,1084,25.34,4,2
649719811,2013-04-22,2013.0,4.0,22,5,376,1712,12.0,4,1
649719812,2013-04-24,2013.0,4.0,24,1,2777,1138,4775.61,3,1
649719813,2013-04-25,2013.0,4.0,25,12,3378,1147,2210.2,5,5
649719814,2013-04-26,2013.0,4.0,26,1,877,314,19.11,1,0
649719815,2013-04-26,2013.0,4.0,26,16,1614,1871,4846.03,4,2
649719816,2013-04-28,2013.0,4.0,28,12,93,36,417.2,2,2
649719817,2013-04-28,2013.0,4.0,28,17,1040,841,2856.46,4,3
649719818,2013-04-29,2013.0,4.0,29,1,667,1246,4013.09,5,5
649719819,2013-04-26,2013.0,4.0,26,1,127,1190,20.82,3,3
649719820,2013-04-30,2013.0,4.0,30,6,86,153,24.77,1,1
649719821,2013-05-01,2013.0,5.0,1,0,1821,236,47.69,5,4
649719822,2013-05-01,2013.0,5.0,1,4,2820,1487,956.93,5,4
649719823,2013-05-02,2013.0,5.0,2,2,2811,893,676.97,4,4
649719824,2013-05-02,2013.0,5.0,2,14,970,841,2856.46,1,0
649719825,2013-05-02,2013.0,5.0,2,17,368,1452,128.96,3,2
649719826,2013-05-05,2013.0,5.0,5,18,1252,1147,2210.2,5,5
649719827,2013-05-06,2013.0,5.0,6,17,585,1201,6.22,5,4
649719828,2013-05-09,2013.0,5.0,9,1,2893,1341,318.06,5,5
649719829,2013-05-09,2013.0,5.0,9,6,2837,9,2.53,0,0
649719830,2013-04-26,2013.0,4.0,26,1,163,1190,20.82,3,2
649719831,2013-05-09,2013.0,5.0,9,22,214,470,11.37,1,0
649719832,2013-05-10,2013.0,5.0,10,2,725,188,223.65,5,5
649719833,2013-05-12,2013.0,5.0,12,21,691,1180,207.3,4,2
649719834,2013-05-14,2013.0,5.0,14,0,48,991,2.36,2,1
649719835,2013-05-16,2013.0,5.0,16,20,1205,1341,318.06,4,4
649719836,2013-05-16,2013.0,5.0,16,23,523,1452,128.96,5,3
649719837,2013-05-16,2013.0,5.0,16,20,118,1190,20.82,0,0
649719838,2013-05-20,2013.0,5.0,20,19,9,1636,147.53,4,2
649719839,2013-05-21,2013.0,5.0,21,0,1696,1487,956.93,5,5
649719840,2013-05-21,2013.0,5.0,21,0,110,1190,20.82,3,2
649719841,2013-05-24,2013.0,5.0,24,7,1480,2798,190.1,0,0
649719842,2013-05-25,2013.0,5.0,25,13,5434,1487,956.93,5,3
649719843,2013-05-26,2013.0,5.0,26,3,11746,275,1924.07,3,2
649719844,2013-05-26,2013.0,5.0,26,12,518,376,441.48,3,3
649719845,2013-05-27,2013.0,5.0,27,0,597,2276,25.87,5,5
649719846,2013-05-27,2013.0,5.0,27,0,1344,2276,25.87,5,5
649719847,2013-05-27,2013.0,5.0,27,17,698,841,2856.46,3,1
649719848,2013-05-27,2013.0,5.0,27,18,13,166,0.54,5,5
649719849,2013-05-28,2013.0,5.0,28,13,623,664,361.71,5,4
649719850,2013-05-27,2013.0,5.0,27,18,217,1190,20.82,5,3
649719851,2013-05-30,2013.0,5.0,30,23,400,19,6.27,2,2
649719852,2013-05-31,2013.0,5.0,31,22,167,58,1.55,5,2
649719853,2013-05-27,2013.0,5.0,27,18,271,1190,20.82,2,0
649719854,2013-06-02,2013.0,6.0,2,18,13170,2009,2793.35,5,5
649719855,2013-05-27,2013.0,5.0,27,18,270,1190,20.82,4,4
649719856,2013-06-03,2013.0,6.0,3,21,165,434,1.91,5,4
649719857,2013-06-03,2013.0,6.0,3,21,119,434,1.91,5,5
649719858,2013-06-04,2013.0,6.0,4,22,291,1190,20.82,1,1
649719859,2013-06-04,2013.0,6.0,4,13,113,434,1.91,5,4
649719860,2013-06-04,2013.0,6.0,4,22,321,1190,20.82,5,4
649719861,2013-06-04,2013.0,6.0,4,22,341,1190,20.82,4,2
649719862,2013-06-06,2013.0,6.0,6,23,2645,256,9842.92,0,0
649719863,2013-06-07,2013.0,6.0,7,7,31000,1288,923023.6,5,5
649719864,2013-06-04,2013.0,6.0,4,22,367,1190,20.82,3,5
649719865,2013-06-08,2013.0,6.0,8,22,222,235,49.58,5,5
649719866,2013-06-09,2013.0,6.0,9,3,488,607,65.87,5,3
649719867,2013-06-09,2013.0,6.0,9,22,3379,1290,852.56,2,1
649719868,2013-06-10,2013.0,6.0,10,12,1826,1487,956.93,5,5
649719869,2013-06-10,2013.0,6.0,10,16,979,841,2856.46,4,2
649719870,2013-06-11,2013.0,6.0,11,5,6082,388,512.99,3,1
649719871,2013-06-11,2013.0,6.0,11,15,4474,1247,3133.69,4,3
649719872,2013-06-11,2013.0,6.0,11,21,257,578,155.34,4,3
649719873,2013-06-13,2013.0,6.0,13,2,1378,1487,956.93,5,5
649719875,2013-06-13,2013.0,6.0,13,4,1078,2276,25.87,2,0
649719876,2013-06-14,2013.0,6.0,14,22,34229,530,26680.36,0,0
649719877,2013-06-15,2013.0,6.0,15,16,713,376,441.48,3,2
649719878,2013-06-16,2013.0,6.0,16,20,891,376,441.48,1,1
649719879,2013-06-17,2013.0,6.0,17,9,762,1190,20.82,5,4
649719880,2013-06-04,2013.0,6.0,4,22,353,1190,20.82,2,2
649719881,2013-06-19,2013.0,6.0,19,16,969,1487,956.93,5,5
649719882,2013-06-19,2013.0,6.0,19,21,25472,851,2790.88,5,5
649719883,2013-06-20,2013.0,6.0,20,13,32,529,1.19,5,3
649719884,2013-06-20,2013.0,6.0,20,16,886,1260,42.33,2,1
649719885,2013-06-21,2013.0,6.0,21,4,2005,17,10.17,5,5
649719886,2013-06-21,2013.0,6.0,21,14,344,1190,20.82,5,5
649719887,2013-06-21,2013.0,6.0,21,14,1191,1180,207.3,5,5
649719888,2013-06-21,2013.0,6.0,21,16,18369,851,2790.88,5,5
649719889,2013-06-22,2013.0,6.0,22,22,523,281,1.12,1,0
649719890,2013-06-23,2013.0,6.0,23,16,1539,1048,377.09,5,5
649719891,2013-06-24,2013.0,6.0,24,22,37316,672,8343.76,1,0
649719892,2013-06-23,2013.0,6.0,23,16,46937,26,113533.0,5,5
649719893,2013-06-29,2013.0,6.0,29,18,1117,1341,318.06,5,4
649719894,2013-06-30,2013.0,6.0,30,0,111,82,1.64,5,4
649719895,2013-06-30,2013.0,6.0,30,13,55533,26,113533.0,5,5
649719896,2013-06-30,2013.0,6.0,30,16,30975,26,113533.0,5,2
649719897,2013-06-30,2013.0,6.0,30,16,19481,26,113533.0,5,4
649719898,2013-06-30,2013.0,6.0,30,18,473,1487,956.93,5,5
649719899,2013-06-30,2013.0,6.0,30,20,3767,1487,956.93,5,4
649719900,2013-06-30,2013.0,6.0,30,20,24,237,2.99,0,0
649719901,2013-07-01,2013.0,7.0,1,2,3802,1487,956.93,5,5
649719902,2013-07-04,2013.0,7.0,4,13,2782,1487,956.93,5,5
649719903,2013-07-04,2013.0,7.0,4,15,2353,1487,956.93,5,5
649719904,2013-07-06,2013.0,7.0,6,0,1310,261,343.39,0,0
649719905,2013-07-06,2013.0,7.0,6,1,407,1452,128.96,5,5
649719906,2013-07-06,2013.0,7.0,6,5,990,1155,16.07,5,5
649719907,2013-07-06,2013.0,7.0,6,5,45,783,0.66,5,5
649719908,2013-06-30,2013.0,6.0,30,0,376,1190,20.82,3,3
649719909,2013-06-30,2013.0,6.0,30,0,329,1190,20.82,5,4
649719910,2013-07-07,2013.0,7.0,7,18,469,486,41.64,2,1
649719911,2013-07-07,2013.0,7.0,7,22,3082,1547,10378.71,5,5
649719912,2013-07-08,2013.0,7.0,8,6,691,1487,956.93,5,5
649719913,2013-07-08,2013.0,7.0,8,7,1528,1487,956.93,5,5
649719914,2013-07-08,2013.0,7.0,8,7,906,1487,956.93,5,5
649719916,2013-07-08,2013.0,7.0,8,19,1285,1487,956.93,5,5
649719917,2013-07-09,2013.0,7.0,9,10,2252,1487,956.93,5,5
649719918,2013-07-09,2013.0,7.0,9,20,945,1949,410.2,0,0
649719919,2013-07-09,2013.0,7.0,9,22,699,1487,956.93,5,5
649719920,2013-07-09,2013.0,7.0,9,23,1461,642,97.68,1,0
649719921,2013-07-10,2013.0,7.0,10,16,1902,1487,956.93,5,5
649719922,2013-07-10,2013.0,7.0,10,17,650,841,2856.46,2,1
649719923,2013-06-30,2013.0,6.0,30,0,760,1166,54.49,5,5
649719924,2013-07-11,2013.0,7.0,11,16,262,1487,956.93,5,5
649719925,2013-07-11,2013.0,7.0,11,18,1950,1487,956.93,5,5
649719926,2013-07-12,2013.0,7.0,12,2,1104,792,108.14,4,1
649719927,2013-07-12,2013.0,7.0,12,10,4826,1487,956.93,5,5
649719928,2013-07-13,2013.0,7.0,13,23,70098,492,161026.78,4,1
649719929,2013-07-14,2013.0,7.0,14,2,933,2276,25.87,5,5
649719930,2013-07-14,2013.0,7.0,14,2,1219,1997,149.2,5,5
649719931,2013-07-14,2013.0,7.0,14,5,2947,1246,4013.09,5,5
649719932,2013-07-14,2013.0,7.0,14,16,699,1084,25.34,4,3
649719933,2013-07-14,2013.0,7.0,14,20,599,1452,128.96,4,4
649719934,2013-07-14,2013.0,7.0,14,21,169,434,1.91,5,5
649719935,2013-07-15,2013.0,7.0,15,11,2774,1487,956.93,5,4
649719936,2013-07-15,2013.0,7.0,15,16,1091,597,112.95,3,3
649719937,2013-07-16,2013.0,7.0,16,13,3416,1487,956.93,5,5
649719938,2013-07-16,2013.0,7.0,16,18,1280,188,223.65,5,4
649719939,2013-07-19,2013.0,7.0,19,18,44198,672,8343.76,1,0
649719940,2013-07-19,2013.0,7.0,19,22,45,783,0.66,5,5
649719941,2013-07-20,2013.0,7.0,20,3,5039,615,564.98,4,3
649719942,2013-07-21,2013.0,7.0,21,2,108,570,33.36,5,5
649719943,2013-07-21,2013.0,7.0,21,5,282,612,24.58,0,0
649719944,2013-07-21,2013.0,7.0,21,20,1123,1341,318.06,5,5
649719945,2013-07-22,2013.0,7.0,22,19,861,841,2856.46,5,5
649719946,2013-07-23,2013.0,7.0,23,8,198,12,0.78,3,2
649719947,2013-07-24,2013.0,7.0,24,16,676,1997,149.2,5,5
649719948,2013-07-24,2013.0,7.0,24,20,4794,1138,4775.6,5,3
649719949,2013-07-26,2013.0,7.0,26,3,15,507,1.85,4,4
649719950,2013-07-26,2013.0,7.0,26,16,8583,1138,4775.6,5,4
649719951,2013-07-27,2013.0,7.0,27,17,5572,1455,28761.6,0,0
649719952,2013-07-28,2013.0,7.0,28,0,5338,1247,3133.69,5,5
649719953,2013-07-28,2013.0,7.0,28,15,322,1190,20.82,1,0
649719954,2013-07-29,2013.0,7.0,29,12,127,428,6.15,5,5
649719955,2013-07-30,2013.0,7.0,30,4,22902,1155,11039.76,5,5
649719956,2013-07-30,2013.0,7.0,30,19,36,2783,1.42,5,2
649719957,2013-07-31,2013.0,7.0,31,10,13828,1051,1202.81,2,1
649719958,2013-08-01,2013.0,8.0,1,7,38,1188,0.89,5,5
649719959,2013-08-01,2013.0,8.0,1,11,35,4671,0.22,5,5
649719960,2013-08-02,2013.0,8.0,2,5,64,1188,0.89,4,3
649719961,2013-08-02,2013.0,8.0,2,6,710,559,525.14,1,1
649719962,2013-08-03,2013.0,8.0,3,0,630,1452,128.96,5,4
649719963,2013-08-03,2013.0,8.0,3,4,47,3197,4.53,5,5
649719964,2013-08-03,2013.0,8.0,3,7,5023,1246,4013.1,5,4
649719965,2013-07-30,2013.0,7.0,30,19,234,1190,20.82,4,3
649719966,2013-08-03,2013.0,8.0,3,8,305,1190,20.82,4,3
649719967,2013-08-03,2013.0,8.0,3,14,30,783,0.66,5,5
649719968,2013-08-03,2013.0,8.0,3,17,1638,84,12.31,5,1
649719969,2013-08-04,2013.0,8.0,4,7,36111,788,2055.59,4,3
649719970,2013-08-04,2013.0,8.0,4,19,145,1180,105.21,5,3
649719971,2013-08-05,2013.0,8.0,5,17,24,783,0.66,5,3
649719972,2013-08-05,2013.0,8.0,5,18,58474,1250,17232.37,0,0
649719973,2013-08-05,2013.0,8.0,5,20,1987,652,169.56,0,0
649719974,2013-08-07,2013.0,8.0,7,4,34,1107,17.74,3,0
649719975,2013-08-03,2013.0,8.0,3,17,28,1107,17.74,4,2
649719976,2013-08-08,2013.0,8.0,8,4,48682,1250,17232.37,1,0
649719977,2013-08-12,2013.0,8.0,12,7,2163,1048,377.1,5,4
649719978,2013-08-12,2013.0,8.0,12,10,1872,1949,410.19,3,1
649719979,2013-08-15,2013.0,8.0,15,0,16,3013,0.29,5,5
649719980,2013-08-15,2013.0,8.0,15,4,40,1436,29.32,2,1
649719981,2013-08-16,2013.0,8.0,16,2,438,607,65.87,4,3
649719982,2013-08-03,2013.0,8.0,3,17,164,231,3.79,3,1
649719983,2013-08-16,2013.0,8.0,16,12,58611,1556,5358.7,5,5
649719984,2013-08-16,2013.0,8.0,16,16,9724,1547,10378.73,2,2
649719985,2013-08-17,2013.0,8.0,17,2,16,294,1.18,5,4
649719986,2013-08-17,2013.0,8.0,17,5,2953,2137,656.97,1,1
649719987,2013-08-18,2013.0,8.0,18,17,15335,1547,10378.73,5,5
649719988,2012-01-08,2012.0,1.0,8,7,105,1949,410.19,1,0
649719989,2013-08-21,2013.0,8.0,21,5,128,2283,34.18,0,0
649719990,2013-08-22,2013.0,8.0,22,20,152,298,6.91,0,0
649719991,2013-08-24,2013.0,8.0,24,17,2205,1884,160.72,5,4
649719992,2013-08-25,2013.0,8.0,25,0,4740,1247,3133.69,5,5
649719993,2013-08-26,2013.0,8.0,26,12,681,65,25.88,5,5
649719994,2013-08-26,2013.0,8.0,26,22,599,139,89.25,1,1
649719995,2013-08-27,2013.0,8.0,27,3,1137,65,51.26,4,5
649719996,2013-08-27,2013.0,8.0,27,13,2571,1871,4846.03,4,4
649719997,2013-08-28,2013.0,8.0,28,10,18,244,0.91,4,4
649719998,2013-08-28,2013.0,8.0,28,21,1310,841,2856.46,5,3
649719999,2013-08-28,2013.0,8.0,28,23,20514,1556,5358.7,5,5
649720000,2013-09-02,2013.0,9.0,2,4,5397,1247,3133.69,5,4
649720001,2013-09-04,2013.0,9.0,4,3,253,1961,403.82,5,5
649720002,2013-09-04,2013.0,9.0,4,19,10803,1547,10378.73,5,5
649720003,2013-09-05,2013.0,9.0,5,20,4284,226,3649.68,5,4
649720004,2013-09-06,2013.0,9.0,6,7,13258,2311,67.38,5,4
649720005,2013-09-06,2013.0,9.0,6,10,154,1475,51378.0,0,0
649720006,2013-09-06,2013.0,9.0,6,14,727,2250,925.27,5,2
649720007,2013-09-07,2013.0,9.0,7,18,705,999,986.56,3,1
649720008,2013-09-09,2013.0,9.0,9,18,11126,1138,4775.6,5,5
649720009,2013-09-09,2013.0,9.0,9,22,21973,1870,10475.8,5,5
649720010,2013-09-10,2013.0,9.0,10,2,391,386,87.16,0,0
649720011,2013-09-11,2013.0,9.0,11,2,17131,1870,10475.8,5,4
649720012,2013-09-11,2013.0,9.0,11,22,593,412,16.76,5,5
649720013,2013-09-12,2013.0,9.0,12,3,305,470,11.37,3,1
649720014,2013-08-28,2013.0,8.0,28,23,220,762,176.19,2,1
649720015,2013-09-14,2013.0,9.0,14,19,48046,1267,9389.77,5,4
649720016,2013-09-17,2013.0,9.0,17,6,1130,738,26.53,0,0
649720017,2013-09-17,2013.0,9.0,17,16,3177,1871,4846.03,5,5
649720018,2013-09-22,2013.0,9.0,22,14,562,1455,41.92,5,3
649720019,2013-09-22,2013.0,9.0,22,17,68,1933,695.18,3,3
649720020,2013-09-23,2013.0,9.0,23,7,802,1949,410.19,5,4
649720021,2013-09-24,2013.0,9.0,24,22,3600,788,6828.28,5,5
649720022,2013-09-24,2013.0,9.0,24,22,276,2525,194.86,5,3
649720023,2013-09-25,2013.0,9.0,25,22,587,1997,149.2,5,5
649720024,2013-09-26,2013.0,9.0,26,2,1563,1649,1952.64,5,4
649720025,2014-02-17,2014.0,2.0,17,19,313,495,88.22,5,3
649720026,2013-06-22,2013.0,6.0,22,23,3189,1487,956.93,5,3
649720027,2012-12-31,2012.0,12.0,31,0,4262,1247,3133.69,5,5
649720028,2012-12-22,2012.0,12.0,22,20,7258,565,2538.63,5,5
649720029,2012-09-19,2012.0,9.0,19,19,17119,1921,4170.45,5,5
649720030,2012-12-29,2012.0,12.0,29,21,1767,1809,224.22,5,1
649720031,2013-10-02,2013.0,10.0,2,0,182,386,6.82,5,5
649720032,2013-06-19,2013.0,6.0,19,17,30192,851,2790.88,4,5
649720033,2013-03-28,2013.0,3.0,28,5,437,1636,12.03,1,0
649720034,2013-05-23,2013.0,5.0,23,20,2197,2544,48.48,2,0
649720035,2013-11-19,2013.0,11.0,19,4,313,945,80.94,5,2
649720036,2013-09-25,2013.0,9.0,25,22,2082,602,80.18,0,0
649720037,2013-10-16,2013.0,10.0,16,22,1057,787,81.12,0,0
649720038,2012-05-24,2012.0,5.0,24,15,480,945,47.35,0,0
649720039,2013-08-19,2013.0,8.0,19,1,47,783,0.66,5,5
649720040,2013-09-25,2013.0,9.0,25,22,242,1,10.67,5,5
649720041,2014-01-17,2014.0,1.0,17,22,4335,946,424.75,2,2
652903307,2013-09-30,2013.0,9.0,30,0,934,1949,410.19,2,1
652903308,2013-09-30,2013.0,9.0,30,7,659,1949,410.19,5,4
652903309,2013-09-30,2013.0,9.0,30,18,1628,1396,117.73,5,5
652903310,2013-10-01,2013.0,10.0,1,3,49,1436,29.32,3,1
652903311,2013-10-01,2013.0,10.0,1,15,1375,841,2856.46,3,3
652903312,2013-10-03,2013.0,10.0,3,22,452,2276,25.87,1,1
652903313,2013-09-30,2013.0,9.0,30,7,2392,1882,125.03,4,3
652903314,2013-10-04,2013.0,10.0,4,11,379,408,15.94,0,0
652903315,2013-10-09,2013.0,10.0,9,18,553,1452,128.96,5,3
652903316,2013-10-10,2013.0,10.0,10,10,61207,1250,17232.4,5,4
652903317,2013-10-10,2013.0,10.0,10,18,37,2523,5.76,1,1
652903318,2013-10-10,2013.0,10.0,10,19,20989,1267,9389.77,2,2
652903319,2013-10-10,2013.0,10.0,10,10,1510,2050,2183.15,5,5
652903320,2013-10-10,2013.0,10.0,10,22,1313,183,370.42,5,5
652903321,2013-10-10,2013.0,10.0,10,10,207,1680,6.36,3,3
652903322,2013-10-12,2013.0,10.0,12,6,4472,1243,97.54,4,3
652903323,2013-10-13,2013.0,10.0,13,10,509,1949,410.19,0,0
652903324,2013-10-15,2013.0,10.0,15,21,98,2523,5.76,3,1
652903325,2013-10-16,2013.0,10.0,16,5,29,1236,8.32,0,0
652903326,2013-10-16,2013.0,10.0,16,4,758,188,223.63,4,0
652903327,2013-10-16,2013.0,10.0,16,5,676,76,631.51,0,0
652903328,2013-10-16,2013.0,10.0,16,21,312,1521,268.75,0,0
652903329,2013-10-16,2013.0,10.0,16,22,1057,787,81.12,0,0
652903330,2013-10-17,2013.0,10.0,17,21,1726,1997,149.2,5,2
652903331,2013-10-18,2013.0,10.0,18,2,1007,223,902.46,2,2
652903332,2013-10-18,2013.0,10.0,18,3,373,1452,128.96,5,3
652903333,2013-10-18,2013.0,10.0,18,18,202,1270,151.69,5,5
652903334,2013-10-19,2013.0,10.0,19,2,1122,1411,261.52,1,0
652903335,2013-10-19,2013.0,10.0,19,5,3766,694,991.18,0,0
652903336,2013-10-19,2013.0,10.0,19,5,107,1475,51378.0,0,0
652903337,2013-10-20,2013.0,10.0,20,14,2447,538,2046.35,1,1
652903338,2013-10-20,2013.0,10.0,20,14,1245,1862,3194.3,0,0
652903339,2013-10-20,2013.0,10.0,20,18,18990,1051,1202.81,0,0
652903340,2013-10-20,2013.0,10.0,20,20,895,1147,1055.23,4,2
652903341,2013-10-19,2013.0,10.0,19,5,35445,901,1918.11,0,0
652903342,2013-10-21,2013.0,10.0,21,16,10347,1459,3796.6,5,5
652903343,2013-10-22,2013.0,10.0,22,0,4122,1507,5086.18,4,3
652903344,2013-10-22,2013.0,10.0,22,9,115,1150,0.42,2,2
652903345,2013-10-22,2013.0,10.0,22,11,847,1550,3038.39,1,1
652903346,2013-10-19,2013.0,10.0,19,5,844,1246,4013.09,5,3
652903347,2013-10-26,2013.0,10.0,26,21,672,841,2856.46,4,3
652903348,2013-10-26,2013.0,10.0,26,23,8649,1247,3133.69,5,3
652903349,2013-10-28,2013.0,10.0,28,1,574,1452,128.96,4,4
652903350,2013-10-29,2013.0,10.0,29,0,45,873,32.25,0,0
652903351,2013-10-29,2013.0,10.0,29,3,22,1905,4.52,3,1
652903352,2013-10-29,2013.0,10.0,29,15,219,1142,47.82,4,1
652903353,2013-10-30,2013.0,10.0,30,2,1746,741,265.42,4,4
652903354,2013-10-31,2013.0,10.0,31,20,1461,1732,834.42,5,5
652903355,2013-11-01,2013.0,11.0,1,14,1378,1048,377.1,5,5
652903356,2013-11-01,2013.0,11.0,1,21,3351,376,441.48,2,0
652903357,2013-11-01,2013.0,11.0,1,23,1447,1732,834.42,5,5
652903358,2013-11-02,2013.0,11.0,2,0,767,2276,25.87,5,3
652903359,2013-11-02,2013.0,11.0,2,2,121,1436,29.32,3,3
652903360,2013-11-02,2013.0,11.0,2,15,4418,1606,83947.67,5,5
652903361,2013-11-03,2013.0,11.0,3,0,1999,1732,834.42,5,5
652903362,2013-11-03,2013.0,11.0,3,1,46,1905,4.52,2,1
652903363,2013-11-03,2013.0,11.0,3,2,3205,1661,95.14,0,0
652903364,2013-11-03,2013.0,11.0,3,4,1265,2579,54.33,0,0
652903365,2013-11-03,2013.0,11.0,3,22,808,550,2261.82,0,0
652903366,2013-11-04,2013.0,11.0,4,2,20077,1459,3796.6,4,4
652903367,2013-11-04,2013.0,11.0,4,6,3781,2137,656.97,0,0
652903368,2013-11-04,2013.0,11.0,4,17,8225,615,564.98,5,3
652903369,2013-11-05,2013.0,11.0,5,1,971,787,81.12,2,0
652903370,2013-11-05,2013.0,11.0,5,19,4448,694,991.18,1,1
652903371,2013-11-06,2013.0,11.0,6,21,57,752,1.62,5,5
652903372,2013-11-07,2013.0,11.0,7,3,3606,1732,834.42,4,5
652903373,2013-11-08,2013.0,11.0,8,21,927,2250,925.27,5,5
652903374,2013-11-09,2013.0,11.0,9,4,6742,1247,3133.69,5,5
652903375,2013-11-09,2013.0,11.0,9,10,7537,1247,3133.69,5,5
652903376,2013-11-10,2013.0,11.0,10,20,12376,1138,4775.6,5,4
652903377,2013-11-09,2013.0,11.0,9,4,652,1452,128.96,4,5
652903378,2013-11-11,2013.0,11.0,11,3,891,966,401.55,1,0
652903379,2013-11-11,2013.0,11.0,11,23,2292,1343,88.64,0,0
652903380,2013-11-12,2013.0,11.0,12,3,270,1,10.67,5,5
652903381,2013-11-12,2013.0,11.0,12,18,846,1101,14.19,3,1
652903382,2013-11-13,2013.0,11.0,13,22,269,1521,268.75,0,0
652903383,2013-11-14,2013.0,11.0,14,0,1055,787,81.12,2,2
652903384,2013-11-15,2013.0,11.0,15,2,14258,1138,4775.6,5,5
652903385,2013-11-17,2013.0,11.0,17,19,4124,422,31.18,1,1
652903386,2013-11-17,2013.0,11.0,17,23,4128,978,2769.46,4,4
652903387,2013-11-19,2013.0,11.0,19,4,929,1147,1055.23,4,3
652903388,2013-11-20,2013.0,11.0,20,6,640,1949,410.19,2,1
652903389,2013-11-20,2013.0,11.0,20,20,7907,1247,3133.69,5,5
652903390,2013-11-21,2013.0,11.0,21,14,976,2476,31.39,5,5
652903391,2013-11-21,2013.0,11.0,21,17,2048,1341,318.06,0,0
652903392,2013-11-27,2013.0,11.0,27,3,3915,1539,419.72,0,0
652903393,2013-11-23,2013.0,11.0,23,7,645,408,15.94,0,0
652903394,2013-11-24,2013.0,11.0,24,15,7335,1247,3133.69,4,4
652903395,2013-11-24,2013.0,11.0,24,17,7118,1247,3133.69,5,5
652903396,2013-11-24,2013.0,11.0,24,19,4640,978,2769.46,5,5
652903397,2013-11-27,2013.0,11.0,27,3,10945,1420,35402.55,5,5
652903398,2013-11-27,2013.0,11.0,27,14,230,1475,51378.0,0,0
652903399,2013-11-27,2013.0,11.0,27,22,740,2476,31.39,5,5
652903400,2013-11-28,2013.0,11.0,28,23,26,894,53.78,4,4
652903401,2013-11-28,2013.0,11.0,28,23,2859,1661,95.14,3,2
652903402,2013-11-29,2013.0,11.0,29,1,1616,374,724.89,4,1
652903403,2013-11-27,2013.0,11.0,27,3,565,1372,238.29,5,4
652903405,2013-11-30,2013.0,11.0,30,21,6313,615,564.98,5,4
652903406,2013-11-30,2013.0,11.0,30,23,892,1341,318.06,4,4
652903407,2013-12-01,2013.0,12.0,1,0,3315,350,3661.11,1,1
652903408,2013-12-04,2013.0,12.0,4,1,975,4,1.13,5,4
652903409,2013-11-27,2013.0,11.0,27,3,996,1166,54.49,2,2
652903410,2013-11-27,2013.0,11.0,27,3,272,1095,12.81,3,2
652903411,2013-12-05,2013.0,12.0,5,0,66378,375,43938.39,0,0
652903412,2013-11-27,2013.0,11.0,27,3,6388,152,5295.42,4,2
652903413,2013-12-06,2013.0,12.0,6,19,3877,1492,1089.41,5,4
652903414,2013-12-07,2013.0,12.0,7,14,112,1933,695.18,5,5
652903416,2013-12-08,2013.0,12.0,8,0,1443,1949,410.19,2,1
652903417,2013-12-08,2013.0,12.0,8,4,1393,787,81.12,5,5
652903418,2013-12-08,2013.0,12.0,8,5,10506,1420,35402.55,5,5
652903419,2013-12-08,2013.0,12.0,8,5,106312,591,6056.7,4,2
652903420,2013-12-09,2013.0,12.0,9,3,1240,1452,128.96,4,2
652903421,2013-12-10,2013.0,12.0,10,4,8,229,0.76,2,2
652903422,2013-12-10,2013.0,12.0,10,20,27,1178,0.35,5,3
652903423,2013-12-11,2013.0,12.0,11,3,912,408,15.94,0,0
652903424,2013-12-13,2013.0,12.0,13,0,2346,1420,35402.55,4,4
652903425,2013-12-13,2013.0,12.0,13,10,808,1452,128.96,4,3
652903426,2013-12-13,2013.0,12.0,13,21,333,917,95.03,5,5
652903427,2013-12-08,2013.0,12.0,8,5,5051,214,223.58,5,5
652903428,2013-12-14,2013.0,12.0,14,7,1213,738,26.53,0,0
652903429,2013-12-14,2013.0,12.0,14,22,10739,1247,3133.68,5,5
652903430,2013-12-15,2013.0,12.0,15,5,29,1188,0.89,3,3
652903431,2013-12-16,2013.0,12.0,16,0,135,52,1.54,5,5
652903432,2013-12-16,2013.0,12.0,16,10,6189,140,4696.44,0,0
652903433,2013-12-17,2013.0,12.0,17,2,17,297,1.17,5,4
652903435,2013-12-18,2013.0,12.0,18,20,291,945,80.94,5,3
652903436,2013-12-20,2013.0,12.0,20,15,521,1472,197.17,0,0
652903437,2013-12-20,2013.0,12.0,20,12,8622,2030,7168.16,0,0
652903438,2013-12-20,2013.0,12.0,20,15,9887,1420,35402.59,5,4
652903439,2013-12-20,2013.0,12.0,20,19,233,800,39.45,0,0
652903441,2013-12-22,2013.0,12.0,22,19,8532,1507,5086.18,4,4
652903442,2013-12-23,2013.0,12.0,23,7,8442,1420,35402.59,4,5
652903443,2013-12-24,2013.0,12.0,24,6,308,2514,57.55,4,3
652903444,2013-12-24,2013.0,12.0,24,6,3337,978,200.44,0,0
652903445,2013-12-24,2013.0,12.0,24,18,72256,636,10165.07,0,0
652903447,2013-12-25,2013.0,12.0,25,16,13275,498,227.39,5,4
652903448,2013-12-26,2013.0,12.0,26,21,11832,672,4224.2,3,3
652903449,2013-12-26,2013.0,12.0,26,23,1373,1487,956.93,3,4
652903450,2013-12-28,2013.0,12.0,28,16,6764,1299,10544.06,0,0
652903451,2013-12-27,2013.0,12.0,27,14,91,1436,29.32,4,3
652903452,2013-12-28,2013.0,12.0,28,2,236,470,11.37,0,0
652903453,2013-12-28,2013.0,12.0,28,16,667,1862,3194.3,3,2
652903454,2013-12-29,2013.0,12.0,29,5,19502,1410,1565.59,4,4
652903455,2013-12-29,2013.0,12.0,29,6,236,1266,224.96,5,3
652903456,2013-12-29,2013.0,12.0,29,18,273,2514,57.55,1,0
652903457,2013-12-29,2013.0,12.0,29,22,1732,1340,800.16,5,5
652903458,2013-12-29,2013.0,12.0,29,23,175,1359,5.47,1,1
652903459,2013-12-29,2013.0,12.0,29,23,219,802,80.8,2,1
652903460,2013-12-30,2013.0,12.0,30,5,27577,1870,4216.35,5,5
652903461,2013-12-30,2013.0,12.0,30,7,1193,787,81.12,4,4
652903462,2013-12-30,2013.0,12.0,30,18,4339,1496,1690.72,5,4
652903463,2013-12-30,2013.0,12.0,30,19,65,51,31.11,0,0
652903464,2013-12-30,2013.0,12.0,30,22,16812,1386,7012.07,5,4
652903465,2014-01-01,2014.0,1.0,1,1,7483,1420,35402.55,5,4
652903466,2014-01-02,2014.0,1.0,2,1,934,787,81.12,3,2
652903467,2014-01-01,2014.0,1.0,1,1,374,1521,268.75,0,0
652903468,2014-01-04,2014.0,1.0,4,7,13235,1420,35402.55,3,1
652903469,2014-01-04,2014.0,1.0,4,19,278,2514,57.55,0,0
652903470,2014-01-04,2014.0,1.0,4,21,1149,4,1.13,0,0
652903471,2014-01-04,2014.0,1.0,4,23,21275,1556,5358.71,5,5
652903472,2014-01-04,2014.0,1.0,4,23,263,3188,20.15,0,0
652903473,2014-01-06,2014.0,1.0,6,15,214,179,26.58,0,0
652903474,2014-01-07,2014.0,1.0,7,23,1284,273,539.57,2,2
652903475,2014-01-09,2014.0,1.0,9,0,287,288,161.85,2,2
652903476,2014-01-10,2014.0,1.0,10,2,502,1452,128.96,5,2
652903477,2014-01-11,2014.0,1.0,11,11,1352,787,81.12,5,3
652903478,2014-01-12,2014.0,1.0,12,4,1032,945,80.94,0,0
652903479,2014-01-12,2014.0,1.0,12,7,7321,1658,362.14,5,5
652903480,2014-01-12,2014.0,1.0,12,18,294,1933,695.18,5,5
652903481,2014-01-13,2014.0,1.0,13,2,1270,787,81.12,1,1
652903482,2014-01-14,2014.0,1.0,14,15,83,790,4.11,4,1
652903483,2014-01-14,2014.0,1.0,14,21,77,2727,288.16,2,1
652903484,2014-01-15,2014.0,1.0,15,18,387,1521,268.75,0,0
652903485,2014-01-16,2014.0,1.0,16,0,47137,1381,1678.25,5,5
652903486,2014-01-16,2014.0,1.0,16,13,116339,1250,17232.47,0,0
652903487,2014-01-18,2014.0,1.0,18,9,21063,1556,5358.71,5,5
652903488,2014-01-19,2014.0,1.0,19,23,3406,741,265.42,5,5
652903489,2014-01-04,2014.0,1.0,4,23,768,457,1252.75,3,1
652903490,2014-01-21,2014.0,1.0,21,20,2364,2050,2183.15,5,4
652903491,2014-01-22,2014.0,1.0,22,7,390,278,83.34,0,0
652903492,2014-01-22,2014.0,1.0,22,7,682,278,83.34,0,0
652903493,2014-01-04,2014.0,1.0,4,23,259,1475,51378.0,0,0
652903494,2014-01-24,2014.0,1.0,24,0,71,52,1.54,5,5
652903495,2014-01-24,2014.0,1.0,24,14,16,1096,0.51,5,5
652903496,2014-01-24,2014.0,1.0,24,17,574,802,80.8,2,1
652903497,2014-01-25,2014.0,1.0,25,4,65,1436,29.32,2,1
652903498,2014-01-25,2014.0,1.0,25,4,212,3188,20.15,0,0
652903499,2014-01-26,2014.0,1.0,26,4,511,431,7.39,0,0
652903500,2014-01-26,2014.0,1.0,26,4,310,209,11.79,0,0
652903501,2014-01-27,2014.0,1.0,27,6,8091,851,2790.88,5,5
652903502,2014-01-27,2014.0,1.0,27,16,649,762,176.19,4,2
652903503,2014-01-27,2014.0,1.0,27,16,927,2250,925.27,4,2
652903504,2014-01-27,2014.0,1.0,27,21,3743,350,3661.13,0,0
652903505,2014-01-27,2014.0,1.0,27,22,786,1452,128.96,3,3
652903506,2014-01-28,2014.0,1.0,28,7,435,1961,403.82,3,3
652903507,2014-01-30,2014.0,1.0,30,12,22459,367,113958.5,0,0
652903508,2014-01-31,2014.0,1.0,31,0,292,521,49.26,0,0
652903509,2014-01-31,2014.0,1.0,31,23,460,721,12.77,0,0
652903510,2014-02-01,2014.0,2.0,1,1,16007,1556,5358.71,5,5
652903511,2014-02-01,2014.0,2.0,1,2,1216,787,81.12,4,1
652903512,2014-02-01,2014.0,2.0,1,2,1573,61,1914.5,1,0
652903513,2014-02-02,2014.0,2.0,2,11,33743,1547,10378.74,5,4
652903514,2014-02-02,2014.0,2.0,2,14,9490,2030,7168.18,1,1
652903515,2014-02-02,2014.0,2.0,2,19,802,1764,16.78,0,0
652903516,2014-02-02,2014.0,2.0,2,19,1689,1019,311.16,5,3
652903517,2014-02-02,2014.0,2.0,2,19,1322,185,27432.0,0,0
652903518,2014-02-04,2014.0,2.0,4,1,16,1905,4.52,1,1
652903519,2014-02-04,2014.0,2.0,4,23,8,1905,4.52,4,3
652903520,2014-02-08,2014.0,2.0,8,19,157,188,0.64,5,4
652903521,2014-02-05,2014.0,2.0,5,16,118,1436,29.32,4,2
652903522,2014-02-06,2014.0,2.0,6,3,783,1764,16.78,3,2
652903523,2012-02-01,2012.0,2.0,1,8,3051,1556,5358.71,5,5
652903524,2014-02-07,2014.0,2.0,7,15,101,1436,29.32,2,1
652903525,2014-02-07,2014.0,2.0,7,23,822,802,80.8,1,2
652903526,2014-02-07,2014.0,2.0,7,23,7823,1314,2173.49,0,0
652903527,2014-02-08,2014.0,2.0,8,19,9263,1420,35402.59,5,5
652903528,2014-02-08,2014.0,2.0,8,20,5931,1870,10475.83,5,3
652903529,2014-02-08,2014.0,2.0,8,19,378,0,10.67,5,4
652903530,2014-02-09,2014.0,2.0,9,2,446,2514,57.55,5,3
652903531,2014-02-09,2014.0,2.0,9,9,95,150,49.85,4,2
652903532,2014-02-09,2014.0,2.0,9,15,56,150,49.85,0,0
652903533,2014-02-09,2014.0,2.0,9,23,296,2514,57.55,3,1
652903534,2014-02-10,2014.0,2.0,10,0,99,1634,2.76,1,1
652903535,2014-02-10,2014.0,2.0,10,13,1835,1764,16.78,4,3
652903536,2014-02-10,2014.0,2.0,10,20,2915,1420,35402.59,4,4
652903538,2014-02-12,2014.0,2.0,12,2,602,802,80.8,4,2
652903540,2014-02-14,2014.0,2.0,14,16,5009,1290,852.56,5,5
652903541,2014-02-14,2014.0,2.0,14,22,165,572,10.9,0,0
652903542,2014-02-15,2014.0,2.0,15,16,571,802,80.8,1,0
652903543,2014-01-25,2014.0,1.0,25,4,1737,61,1914.5,2,0
652903544,2014-02-16,2014.0,2.0,16,10,2704,1884,160.72,5,4
652903545,2014-02-16,2014.0,2.0,16,17,3649,1539,419.72,1,0
652903546,2014-02-17,2014.0,2.0,17,16,20544,1386,7012.07,4,4
652903547,2014-02-17,2014.0,2.0,17,19,148,495,88.22,3,3
652903549,2014-02-18,2014.0,2.0,18,14,3087,2544,48.48,5,5
652903550,2014-02-18,2014.0,2.0,18,18,14895,1386,7012.07,5,5
652903551,2014-02-19,2014.0,2.0,19,12,10294,1870,10475.82,5,2
652903552,2014-02-20,2014.0,2.0,20,23,6060,1420,35402.59,1,0
652903553,2014-02-21,2014.0,2.0,21,2,6225,1,4.0,5,4
652903554,2014-02-21,2014.0,2.0,21,2,12,36,1.41,0,1
652903555,2014-02-21,2014.0,2.0,21,11,405,2514,57.55,2,2
652903556,2014-02-23,2014.0,2.0,23,3,138,1180,105.21,5,5
652903557,2014-02-23,2014.0,2.0,23,5,16781,1247,3133.68,5,5
652903558,2014-02-20,2014.0,2.0,20,23,1236,1147,1055.23,0,0
652903559,2014-02-23,2014.0,2.0,23,18,826,786,506.49,0,0
652903560,2014-02-24,2014.0,2.0,24,1,3087,374,724.98,0,0
652903561,2014-02-24,2014.0,2.0,24,11,504,2514,57.55,0,0
652903562,2014-02-24,2014.0,2.0,24,23,126,1680,6.36,1,1
652903563,2014-02-26,2014.0,2.0,26,4,42,67,7.44,0,0
652903564,2014-02-26,2014.0,2.0,26,23,64,130,43.0,3,3
652903566,2014-02-28,2014.0,2.0,28,2,991,734,1956.98,4,2
652903567,2014-02-28,2014.0,2.0,28,21,10246,1420,35402.59,5,5
652903568,2014-03-01,2014.0,3.0,1,15,27,1905,4.52,0,0
652903569,2014-03-01,2014.0,3.0,1,18,1035,1013,127.23,2,0
652903570,2014-02-20,2014.0,2.0,20,23,337,1224,70.49,5,5
652903571,2014-03-03,2014.0,3.0,3,2,736,1764,16.78,2,1
652903572,2014-03-03,2014.0,3.0,3,5,35629,1445,2142.8,5,5
652903573,2014-03-04,2014.0,3.0,4,0,1032,678,73.06,3,3
652903574,2014-03-05,2014.0,3.0,5,4,617,1764,16.78,3,2
652903575,2014-03-05,2014.0,3.0,5,19,503,1997,149.2,5,5
652903576,2014-03-05,2014.0,3.0,5,22,1376,602,80.18,0,0
652903577,2014-03-05,2014.0,3.0,5,23,2132,374,724.98,0,0
652903578,2014-03-06,2014.0,3.0,6,3,121,354,5.59,4,2
652903579,2014-03-06,2014.0,3.0,6,22,416,2514,57.55,1,1
652903580,2014-03-06,2014.0,3.0,6,23,103046,1250,17232.52,0,0
652903581,2014-03-06,2014.0,3.0,6,23,1791,203,33.88,3,3
652903582,2014-03-07,2014.0,3.0,7,0,1828,780,168.79,0,0
652903583,2014-03-07,2014.0,3.0,7,23,1111,1884,160.72,4,2
652903585,2014-03-08,2014.0,3.0,8,15,1211,780,168.79,1,1
652903586,2014-03-08,2014.0,3.0,8,19,1628,780,168.79,0,0
652903587,2014-03-08,2014.0,3.0,8,23,71,119,1.37,5,5
652903588,2014-03-09,2014.0,3.0,9,0,207,1809,397.92,1,0
652903589,2014-03-09,2014.0,3.0,9,3,10,220,3.85,5,4
652903590,2014-03-09,2014.0,3.0,9,17,1088,780,168.79,1,1
652903592,2014-03-10,2014.0,3.0,10,23,2646,1949,410.2,5,4
652903593,2014-03-11,2014.0,3.0,11,0,152,638,235.28,5,5
652903595,2014-03-12,2014.0,3.0,12,22,1529,780,168.79,1,2
652903596,2014-03-05,2014.0,3.0,5,22,71,2806,15.49,1,1
652903597,2014-03-13,2014.0,3.0,13,20,1301,780,168.79,4,1
652903598,2014-03-14,2014.0,3.0,14,4,822,1100,653.24,0,0
652903599,2014-03-16,2014.0,3.0,16,1,4543,1556,185.86,3,2
652903600,2014-03-16,2014.0,3.0,16,23,861,1933,695.18,5,2
652903601,2014-03-16,2014.0,3.0,16,23,36,55,0.76,3,2
652903602,2014-03-17,2014.0,3.0,17,1,11662,1247,3133.68,5,5
652903603,2014-03-17,2014.0,3.0,17,2,262,86,20.01,0,0
652903604,2014-03-05,2014.0,3.0,5,22,531,635,256.09,1,0
652903605,2014-03-17,2014.0,3.0,17,17,1335,780,168.79,0,0
652903606,2014-03-17,2014.0,3.0,17,18,12065,672,4224.2,0,0
652910707,2014-03-18,2014.0,3.0,18,16,158,1935,1.62,3,1
652910708,2014-03-18,2014.0,3.0,18,22,451,2514,57.55,1,1
652910709,2014-03-20,2014.0,3.0,20,21,212,86,20.01,0,0
652910710,2014-03-21,2014.0,3.0,21,0,1002,1100,653.24,5,3
652910711,2014-03-21,2014.0,3.0,21,10,172,1634,85.24,4,3
652910712,2014-03-21,2014.0,3.0,21,14,91568,509,14007.79,4,4
652910713,2014-03-21,2014.0,3.0,21,17,320,1809,397.92,4,3
652910714,2014-03-21,2014.0,3.0,21,21,329,1752,508.21,4,3
652910715,2014-03-21,2014.0,3.0,21,17,39,67,7.44,1,1
652910716,2014-03-22,2014.0,3.0,22,23,252,2514,57.55,2,2
652910717,2014-03-22,2014.0,3.0,22,23,191,2727,288.16,2,1
652910718,2014-03-23,2014.0,3.0,23,13,76,1436,29.32,3,2
652910719,2014-03-21,2014.0,3.0,21,17,1008,586,209.02,0,0
652910720,2014-03-24,2014.0,3.0,24,17,619,1764,16.78,0,0
652910721,2014-03-25,2014.0,3.0,25,14,618,1472,197.17,5,2
652910722,2014-03-25,2014.0,3.0,25,18,464,206,21.62,0,0
652910723,2014-03-25,2014.0,3.0,25,22,89733,476,5693.48,5,5
652910724,2014-03-26,2014.0,3.0,26,3,33,611,3.27,4,2
652910725,2014-03-26,2014.0,3.0,26,15,9450,1870,4216.34,3,2
652910726,2014-03-27,2014.0,3.0,27,1,15497,1556,5358.7,5,5
652910727,2014-03-27,2014.0,3.0,27,2,36,1527,3.9,0,0
652910728,2014-03-21,2014.0,3.0,21,17,90,93,61.82,5,5
652910729,2014-03-27,2014.0,3.0,27,21,1675,780,168.79,1,1
652910730,2014-03-21,2014.0,3.0,21,17,224,1224,70.49,5,5
652910732,2014-03-28,2014.0,3.0,28,22,1062,300,26.37,5,5
652910733,2014-03-29,2014.0,3.0,29,3,649,1996,573.64,0,0
652910734,2014-03-29,2014.0,3.0,29,3,295,1282,1.68,0,0
652910735,2014-03-29,2014.0,3.0,29,17,797,2514,57.55,2,0
652910736,2014-03-29,2014.0,3.0,29,19,4008,1420,35402.68,5,5
652910737,2014-03-29,2014.0,3.0,29,20,775,2514,57.55,5,5
652910738,2014-03-29,2014.0,3.0,29,19,113,2806,15.49,0,0
652910739,2014-03-30,2014.0,3.0,30,17,53,47,1.19,4,3
652910740,2014-03-30,2014.0,3.0,30,20,3,83,0.64,2,2
652910741,2014-03-29,2014.0,3.0,29,19,326,1,11.02,0,0
652910742,2014-03-29,2014.0,3.0,29,19,74,790,4.11,5,2
652910743,2014-03-31,2014.0,3.0,31,20,906,1764,16.78,0,0
652910744,2014-04-02,2014.0,4.0,2,6,10183,1247,3133.69,5,5
652910745,2014-04-02,2014.0,4.0,2,10,864,2514,57.55,4,1
652910746,2014-04-02,2014.0,4.0,2,20,154,1438,16.92,5,4
652910747,2014-04-03,2014.0,4.0,3,14,1401,185,27432.0,0,0
652910748,2014-04-04,2014.0,4.0,4,4,1520,787,81.12,0,0
652910749,2014-03-29,2014.0,3.0,29,19,157,720,8.79,2,1
652910750,2014-04-05,2014.0,4.0,5,15,8274,615,564.98,5,3
652910751,2014-04-08,2014.0,4.0,8,0,71,354,27.75,5,3
652910752,2014-04-09,2014.0,4.0,9,2,1469,833,104.31,5,5
652910753,2014-04-09,2014.0,4.0,9,4,151,188,0.64,2,2
652910754,2014-04-09,2014.0,4.0,9,12,234,2770,18.25,1,1
652910755,2014-04-09,2014.0,4.0,9,15,582,1142,47.82,2,0
652910756,2014-04-13,2014.0,4.0,13,1,2084,780,168.79,0,0
652910757,2014-04-13,2014.0,4.0,13,6,544,1463,323.87,0,0
652910758,2014-04-16,2014.0,4.0,16,0,115,1325,0.7,4,3
652910759,2014-04-14,2014.0,4.0,14,12,626,1764,16.78,5,3
652910760,2014-04-16,2014.0,4.0,16,0,63688,672,8343.76,0,0
652910761,2014-04-16,2014.0,4.0,16,0,910,1142,47.82,5,3
652910762,2014-04-16,2014.0,4.0,16,20,115,0,19.14,4,3
652910763,2014-04-16,2014.0,4.0,16,20,415,1,11.02,0,0
652910764,2014-04-17,2014.0,4.0,17,16,17783,1354,5368.21,4,3
652910765,2014-04-19,2014.0,4.0,19,6,4852,1732,834.43,4,3
652910766,2014-04-19,2014.0,4.0,19,13,42784,2370,1941.75,0,0
652910767,2014-04-19,2014.0,4.0,19,16,25,71,0.57,3,3
652910768,2014-04-20,2014.0,4.0,20,18,27,433,0.64,0,0
652910769,2014-04-25,2014.0,4.0,25,2,62,3351,7.91,5,2
652910770,2014-04-27,2014.0,4.0,27,10,1306,833,104.31,3,2
652910771,2014-04-27,2014.0,4.0,27,10,687,372,4.17,1,1
652910772,2014-04-27,2014.0,4.0,27,17,432,372,4.17,0,0
652910773,2014-04-27,2014.0,4.0,27,20,772,185,27432.0,0,0
652910774,2014-04-28,2014.0,4.0,28,7,295,2806,15.49,3,1
652910775,2014-04-28,2014.0,4.0,28,7,415,3188,20.15,3,3
652910776,2014-05-04,2014.0,5.0,4,23,518,3002,27463.8,5,4
652910777,2014-04-29,2014.0,4.0,29,0,13917,611,1102.06,5,4
652910778,2014-04-29,2014.0,4.0,29,15,43,644,1.05,5,5
652910779,2014-04-29,2014.0,4.0,29,18,4357,2311,67.38,5,4
652910780,2014-05-01,2014.0,5.0,1,14,3012,2544,48.48,5,5
652910781,2014-05-01,2014.0,5.0,1,18,455,1452,128.96,4,3
652910782,2014-05-04,2014.0,5.0,4,23,150,3188,20.15,2,1
652910783,2014-05-02,2014.0,5.0,2,4,226,1433,39.85,0,0
652910784,2014-05-04,2014.0,5.0,4,23,145,31,433.0,5,3
652910785,2014-05-04,2014.0,5.0,4,1,5251,1847,120.53,1,1
652910786,2014-05-04,2014.0,5.0,4,23,46275,1288,923029.2,5,5
652910787,2014-05-06,2014.0,5.0,6,4,114,1905,4.52,4,3
652910788,2014-05-06,2014.0,5.0,6,23,72,3493,0.83,5,1
652910789,2014-05-06,2014.0,5.0,6,23,19047,1292,9346.24,5,4
652910790,2014-05-06,2014.0,5.0,6,4,426,3188,20.15,0,0
652910791,2014-05-06,2014.0,5.0,6,4,4037,573,165.93,2,1
652910792,2014-05-08,2014.0,5.0,8,22,218,1809,397.92,4,3
652910793,2014-05-08,2014.0,5.0,8,22,10387,946,12577.09,4,2
652910794,2014-05-09,2014.0,5.0,9,3,1052,1100,653.24,3,2
652910795,2014-05-09,2014.0,5.0,9,10,1531,2514,57.55,4,4
652910796,2014-05-09,2014.0,5.0,9,13,1510,5846,2302.18,0,0
652910797,2014-05-09,2014.0,5.0,9,14,1195,5846,2302.18,0,0
652910798,2014-05-09,2014.0,5.0,9,19,848,1884,160.72,4,4
652910799,2014-05-10,2014.0,5.0,10,16,349,1809,397.92,5,5
652910800,2014-05-10,2014.0,5.0,10,18,4477,1487,956.93,4,3
652910801,2014-05-10,2014.0,5.0,10,23,3408,1340,800.16,5,5
652910802,2014-05-11,2014.0,5.0,11,0,3090,1340,800.16,5,5
652910803,2014-05-11,2014.0,5.0,11,0,7688,1043,2309.15,5,5
652910804,2014-05-11,2014.0,5.0,11,14,157,1436,29.32,5,4
652910805,2014-05-12,2014.0,5.0,12,4,1257,265,395.99,1,1
652910806,2014-05-12,2014.0,5.0,12,14,11898,1247,3133.7,5,4
652910807,2014-05-14,2014.0,5.0,14,8,2418,300,2122.87,3,1
652910808,2014-05-14,2014.0,5.0,14,8,1114,1966,200.03,0,0
652910809,2014-05-14,2014.0,5.0,14,13,49603,1547,10378.76,5,4
652910810,2014-05-15,2014.0,5.0,15,2,485,419,1117.87,4,4
652910811,2014-05-15,2014.0,5.0,15,2,65,1905,4.52,3,1
652910812,2014-05-15,2014.0,5.0,15,3,240,1764,16.78,5,3
652910813,2014-05-15,2014.0,5.0,15,15,1465,1341,318.06,2,0
652910814,2014-05-15,2014.0,5.0,15,15,798,310,0.01,0,0
652910815,2014-05-16,2014.0,5.0,16,1,1916,780,168.79,5,5
652910816,2014-05-16,2014.0,5.0,16,1,217,1436,29.32,2,0
652910817,2014-05-16,2014.0,5.0,16,18,509,2806,15.49,0,0
652910818,2014-05-16,2014.0,5.0,16,23,7466,2137,656.97,5,5
652910819,2014-05-18,2014.0,5.0,18,18,220,453,11.57,5,5
652910820,2014-05-18,2014.0,5.0,18,18,58,790,4.11,1,1
652910821,2014-05-18,2014.0,5.0,18,18,295,93,61.82,5,4
652910822,2014-05-21,2014.0,5.0,21,19,698,1,11.02,0,0
652910823,2014-05-21,2014.0,5.0,21,19,6011,1420,35402.68,5,4
652910824,2014-05-21,2014.0,5.0,21,21,309,146,10.43,0,0
652910825,2014-05-24,2014.0,5.0,24,6,194,1266,224.96,5,5
652910826,2014-05-24,2014.0,5.0,24,6,2407,273,1392.15,4,4
652910827,2014-05-24,2014.0,5.0,24,17,672,435,25.61,4,4
652910828,2014-05-27,2014.0,5.0,27,3,799,1106,124.61,0,0
652910829,2014-05-27,2014.0,5.0,27,3,99,306,24.94,0,0
652910830,2014-05-27,2014.0,5.0,27,11,512,580,19.86,0,0
652910831,2014-05-27,2014.0,5.0,27,18,11976,788,2055.59,3,0
652910832,2014-05-28,2014.0,5.0,28,10,907,1933,695.18,0,0
652910833,2014-05-29,2014.0,5.0,29,15,1770,1246,4013.09,5,5
652910834,2014-05-28,2014.0,5.0,28,16,281,756,64.4,2,1
652910835,2014-05-29,2014.0,5.0,29,15,9036,329,171.29,3,3
652910836,2014-05-29,2014.0,5.0,29,15,49,644,1.05,5,4
652910837,2014-05-31,2014.0,5.0,31,2,2577,273,1392.15,4,5
652910838,2014-05-31,2014.0,5.0,31,2,1069,602,80.18,4,4
652910839,2014-05-31,2014.0,5.0,31,15,1994,1558,235.05,4,2
652910840,2014-06-01,2014.0,6.0,1,3,53,3351,7.91,5,5
652910841,2014-06-02,2014.0,6.0,2,0,25,3,0.34,5,4
652910842,2014-06-02,2014.0,6.0,2,18,5389,2137,656.97,5,4
652910843,2014-06-02,2014.0,6.0,2,21,1490,2763,110.1,5,3
652910844,2014-06-03,2014.0,6.0,3,10,2050,2514,57.55,5,4
652910845,2014-06-03,2014.0,6.0,3,20,2030,1343,88.64,5,4
652910846,2014-06-03,2014.0,6.0,3,23,1860,1355,132.28,1,0
652910847,2014-06-08,2014.0,6.0,8,11,630,1884,160.72,5,3
652910848,2014-06-08,2014.0,6.0,8,11,40,644,1.05,5,5
652910849,2014-06-04,2014.0,6.0,4,22,34,1905,4.52,0,0
652910850,2014-06-04,2014.0,6.0,4,23,503,640,35.12,0,0
652910851,2014-06-05,2014.0,6.0,5,10,1816,2514,57.55,4,2
652910852,2014-06-08,2014.0,6.0,8,11,695,462,32.35,1,1
652910853,2014-06-08,2014.0,6.0,8,11,147,277,62.1,0,0
652910854,2014-06-06,2014.0,6.0,6,21,7331,1247,3133.7,3,3
652910855,2014-06-08,2014.0,6.0,8,11,486,1147,1055.23,0,0
652910856,2014-06-08,2014.0,6.0,8,11,127,1187,22.58,5,5
652910857,2014-06-08,2014.0,6.0,8,12,22892,1556,5358.7,5,4
652910858,2014-06-08,2014.0,6.0,8,16,4425,1959,1374.68,5,4
652910859,2014-06-08,2014.0,6.0,8,22,4245,1847,120.53,2,1
652910860,2014-06-09,2014.0,6.0,9,22,2751,1949,410.2,5,5
652910861,2014-06-11,2014.0,6.0,11,7,101,3351,7.91,0,0
652910862,2014-06-11,2014.0,6.0,11,15,697,1521,268.75,0,0
652910863,2014-06-11,2014.0,6.0,11,16,312,1676,30.19,4,2
652910864,2014-06-11,2014.0,6.0,11,20,510,498,40.74,1,1
652910865,2014-06-21,2014.0,6.0,21,20,1258,780,168.79,5,5
652910866,2014-06-12,2014.0,6.0,12,19,7520,407,3095.62,5,4
652910867,2014-06-21,2014.0,6.0,21,20,232,2727,288.16,0,0
652910868,2014-06-12,2014.0,6.0,12,21,3075,1280,2732.95,4,4
652910869,2014-06-13,2014.0,6.0,13,21,2314,1949,410.2,5,3
652910870,2014-06-14,2014.0,6.0,14,16,2757,323,2057.08,4,4
652910871,2014-06-21,2014.0,6.0,21,20,294,1266,224.96,3,3
652910872,2014-06-15,2014.0,6.0,15,22,442,1607,18.35,4,1
652910873,2014-06-16,2014.0,6.0,16,5,196,2204,10.06,0,0
652910874,2014-06-19,2014.0,6.0,19,20,50,1905,4.52,3,2
652910875,2014-06-21,2014.0,6.0,21,20,454,319,29.41,3,2
652910876,2014-06-23,2014.0,6.0,23,23,37734,2009,2793.37,5,5
